cam0:
  camera_model: pinhole
  intrinsics: [1512.2275646310243, 1507.752312549922,  641.8600848323616, 517.7949084156129]
  distortion_model: radtan
  distortion_coeffs: [-0.2274654652942219, 0.17974500352564166, 0.0001909369766975665, -0.001144568086724896]
  T_cam_imu:
  - [0.00000,   0.00000,  -1.00000,  0.00000]
  - [-1.00000,   0.00000,   0.00000,  0.00000]
  - [0.00000,   1.00000,   0.00000,   -0.0900]
  - [0.0, 0.0, 0.0, 1.0]
  timeshift_cam_imu:
  rostopic: /F2/image_raw
  resolution: [2048, 1536]
