cam0:
  camera_model: pinhole
  intrinsics: [2357.860520002811, 2352.3723946145783, 1006.2122606446682, 822.2139674801724]
  distortion_model: radtan
  distortion_coeffs: [-0.23728675186257314, 0.20914997343171668, 0.00015608949132374673, -0.0005368057213419408]
  T_cam_imu:
  - [0, 1, 0, 0.14]
  - [-0.9397, 0, 0.342, 0.01]
  - [0.342, 0, 0.9397, -0.23]
  - [0.0, 0.0, 0.0, 1.0]
  timeshift_cam_imu:
  rostopic: /F2/image_raw
  resolution: [2048, 1536]
cam1:
  camera_model: pinhole
  intrinsics: [2338.485520924695, 2333.0927287230647, 1002.8381839138167, 784.1498440053573]
  distortion_model: radtan
  distortion_coeffs: [-0.2294924671994032, 0.18008566892263364, -0.0005326294604360527, -0.0004378797791316729]
  T_cn_cnm1:
  - [1, 0, 0, 0]
  - [0, 0.766, -0.6428, -0.2061]
  - [0, 0.6428, 0.766, -0.0842]
  - [0.0, 0.0, 0.0, 1.0]
  T_cam_imu:
  - [0, 1, 0, 0.14]
  - [-0.9397, 0, -0.342, -0.0506]
  - [-0.34, 0, 0.9397, -0.2539]
  - [0.0, 0.0, 0.0, 1.0]
  timeshift_cam_imu:
  rostopic: /F1/image_raw
  resolution: [2048, 1536]
